1.106686824242177902e+00
-1.165717952270943769e-01
1.517823101929536289e-01
5.217101602092441004e-01
1.267644301739140777e+00
6.419018813800754231e-01
1.043038685353138373e+00
2.079575991416617864e-01
4.926124284460573488e-01
3.490577878484871222e-02
-1.470255653840225385e+00
-2.068185035443478315e-01
-1.479885673520845657e+00
-5.661017171790482250e-01
-1.116314921231923885e+00
6.966515245299508274e-01
2.510006808135218925e-01
5.788668986608547229e-02
5.022077312981995112e-01
8.767286822503692623e-01
-4.143207321086529449e-01
6.624039666297529827e-01
-5.052540314677668176e-01
1.568649599938388040e+00
1.984719300390844321e+00
1.618177864528250964e+00
1.513145445376668174e+00
4.354176768912259021e-01
1.505928265359595342e+00
2.766644234908030242e+00
2.674716149942819143e+00
2.486580408908091400e+00
2.302116006491278455e+00
2.050193159611903404e+00
4.172031946583004469e+00
4.030924555542611643e+00
1.940004442615488545e+00
9.878211239408818400e-01
1.955017541289581828e+00
2.997535866312792674e+00
3.973650608055966593e+00
2.309981552596046317e+00
2.483123047710945386e+00
2.553384293107858305e+00
4.564546449246902338e-01
1.154279904863482864e+00
2.238460233440722646e+00
1.745701618215661055e+00
1.081067220763488823e+00
2.340428336530314901e+00
1.683147618895574515e+00
1.833632182891475004e+00
1.025081253386784574e+00
2.191606184169804905e+00
2.258329410751846122e+00
3.868051611959067770e+00
2.675610821210546941e+00
4.796113177172318665e+00
4.326502433041466311e+00
3.988298257772786570e+00
4.075436217325584032e+00
3.148460127823517141e+00
4.938691946070483674e+00
6.512771138645403468e+00
4.210552518915879006e+00
3.883613128207818121e+00
5.730545905462678391e+00
5.039332837452800362e+00
7.187434101723139790e+00
5.105660101200951928e+00
5.742674197256161683e+00
5.562441330325250455e+00
6.599233059395455570e+00
6.755112226808885900e+00
6.686046202872660160e+00
7.536558259486397127e+00
7.447800020559842693e+00
6.368414249420088602e+00
6.298541550244423526e+00
6.635851448923626883e+00
6.068231183368319570e+00
5.849050779846217907e+00
6.253012676622984323e+00
6.342428259165580506e+00
7.340044134831186007e+00
6.907541693844660990e+00
6.864745081318286424e+00
6.501582422750036727e+00
7.581037295065732984e+00
7.615394272695584554e+00
7.777021705967912979e+00
7.767917209983754567e+00
8.218565939234178330e+00
8.103415734387697356e+00
8.923477476255845531e+00
9.344710835053525955e+00
1.163137246474247277e+01
1.144504344940515672e+01
1.000033876489365525e+01
1.187079625861897725e+01
